id,name,created_at,updated_at
6,Tshirts,"2015-02-09 11:15:00","2015-02-09 11:15:00"
7,cups,"2015-02-09 11:15:00","2015-02-09 11:15:00"
8,shoes,"2015-02-09 11:15:00","2015-02-09 11:15:00"
9,hats,"2015-02-09 11:15:00","2015-02-09 11:15:00"
11,toys,"2015-02-10 06:37:58","2015-02-10 06:37:58"
